4

1 2 3 4 
2 1 2 3
3 2 1 2 
4 3 2 1 

3

4 5 2 
2 5 1
2 1 6

4
4 40 56 20 
1 1 0 0 
0 1 0 0 
0 0 1 0 



3 2

1 2
3 1
4 2

4
2.703532934003101 4.110810420523126 1.282383295776937 -6.124894190743088
4.110810420523126 -1.203532934003103 -4.375105809256913 1.282383295776935
1.282383295776936 -4.375105809256910 -1.203532934003100 4.110810420523124
-6.124894190743090 1.282383295776933 4.110810420523124 2.703532934003102

5 2 3 -1

4
1 2 3 4
2 1 2 3
3 2 1 2
4 3 2 1





4
-2 1 1 1
-7 -5 -2 -1
0 -1 -3 -2
-1 0 -1 0


3
1 2 3
4 5 6
7 8 9

2 4 6